# Object Export From Tinkercad Server 2015

mtllib obj.mtl

o obj_0
v 1 		-36 		58.5
v 8.5 		-58 		51
v 8.071 		-50 		58.071
v 1 		0.075 		0
v 8.071 		-50 		43.929
v 1 		3 		5.325
v 1 		-50 		41
v 1 		-36 		61
v 1 		-36 		41
v 20.5 		-16.5 		65.675
v 17.575 		-16.5 		71
v 12.72 		-28.22 		0
v 14.789 		-30.289 		5.325
v -6.5 		-58 		51
v 7.553 		-55.657 		44.447
v -4.303 		-33.8037 		56.303
v 1 		-55.657 		41.732
v -4.303 		-58 		56.303
v 14.789 		-30.289 		65.675
v 1 		-33.075 		0
v -5.9891 		-33.1053 		57.9891
v -6.071 		-34 		58.071
v -5.3062 		-33.3881 		58.3086
v -3.8289 		-34 		58.9997
v 12.72 		-28.22 		71
v 1 		-36 		5.325
v 12.72 		-4.78 		71
v 20.5 		-16.5 		5.325
v -6.071 		-50 		58.071
v 14.789 		-2.711 		65.675
v -5.553 		-55.657 		57.553
v 17.575 		-16.5 		0
v 12.72 		-4.78 		0
v 14.789 		-2.711 		5.325
v 1 		-36 		43.5
v 10.737 		-31.9672 		51
v -4.303 		-33.8037 		45.697
v 7.553 		-55.657 		57.553
v -10.72 		-4.78 		71
v -12.789 		-2.711 		65.675
v -18.5 		-16.5 		65.675
v -15.575 		-16.5 		71
v 6.303 		-58 		45.697
v 9.958 		-32.2899 		49.019
v 1 		-58 		43.5
v -10.72 		-28.22 		71
v -12.789 		-30.289 		65.675
v -10.72 		-4.78 		0
v -12.789 		-2.711 		5.325
v -4.303 		-58 		45.697
v 1 		-36 		65.675
v -5.9891 		-33.1053 		44.0109
v -6.071 		-34 		43.929
v -6.5008 		-32.8934 		45.3122
v -3.8289 		-34 		43.0003
v -18.5 		-16.5 		5.325
v 8.5 		-32.8937 		51
v 6.303 		-33.8037 		56.303
v -10.72 		-28.22 		0
v -15.575 		-16.5 		0
v 6.303 		-58 		56.303
v 1 		0.075 		71
v 7.9891 		-33.1053 		57.9891
v 8.5008 		-32.8934 		56.6878
v 1 		-33.075 		71
v -12.789 		-30.289 		5.325
v 5.8289 		-34 		58.9997
v -6.071 		-50 		43.929
v -5.553 		-55.657 		44.447
v 11 		-50 		51
v 8.071 		-34 		58.071
v 6.303 		-33.8037 		45.697
v 1 		3 		65.675
v 7.9891 		-33.1053 		44.0109
v 7.3062 		-33.3881 		43.6914
v 10.268 		-55.657 		51
v 5.8289 		-34 		43.0003
v 1 		-58 		58.5
v 11 		-34 		51
v 1 		-50 		61
v 1 		-55.657 		60.268
v -7.958 		-32.2899 		52.981
v -8.737 		-31.9672 		51
v 8.071 		-34 		43.929
v -9 		-50 		51
v -8.268 		-55.657 		51
v -6.5 		-32.8937 		51
v -9 		-34 		51
# 88 vertices

g group_0_15277357

usemtl color_15277357
s 0

f 10 	11 	19
f 58 	57 	2
f 15 	17 	7
f 12 	13 	20
f 21 	22 	23
f 78 	18 	1
f 22 	24 	23
f 19 	11 	25
f 26 	20 	13
f 27 	11 	10
f 28 	13 	12
f 30 	27 	10
f 5 	15 	7
f 64 	19 	63
f 22 	29 	24
f 32 	28 	12
f 36 	44 	13
f 13 	19 	36
f 33 	34 	32
f 29 	86 	31
f 28 	32 	34
f 64 	36 	19
f 6 	34 	33
f 41 	42 	40
f 15 	43 	17
f 81 	38 	3
f 29 	22 	88
f 42 	39 	40
f 43 	45 	17
f 46 	42 	41
f 74 	75 	13
f 47 	46 	41
f 49 	4 	48
f 52 	53 	54
f 20 	59 	33
f 13 	44 	74
f 6 	4 	49
f 55 	53 	52
f 56 	49 	48
f 1 	72 	58
f 35 	37 	50
f 35 	50 	45
f 7 	17 	68
f 60 	48 	59
f 48 	4 	59
f 4 	33 	59
f 32 	12 	33
f 20 	33 	12
f 36 	64 	79
f 19 	51 	67
f 60 	56 	48
f 87 	14 	37
f 46 	65 	25
f 79 	44 	36
f 59 	66 	60
f 46 	25 	42
f 8 	67 	51
f 63 	19 	67
f 88 	53 	85
f 66 	56 	60
f 57 	72 	2
f 26 	66 	59
f 11 	27 	25
f 27 	62 	25
f 62 	39 	25
f 25 	39 	42
f 63 	71 	64
f 1 	35 	72
f 57 	58 	72
f 71 	79 	64
f 68 	69 	85
f 75 	77 	13
f 77 	9 	13
f 77 	5 	9
f 5 	70 	76
f 26 	59 	20
f 73 	62 	30
f 63 	67 	71
f 26 	13 	9
f 68 	17 	69
f 71 	3 	70
f 71 	70 	79
f 9 	7 	68
f 30 	62 	27
f 67 	8 	3
f 67 	3 	71
f 62 	73 	39
f 16 	1 	18
f 38 	76 	70
f 19 	13 	10
f 28 	10 	13
f 39 	73 	40
f 78 	1 	61
f 34 	10 	28
f 45 	50 	69
f 58 	61 	1
f 17 	45 	69
f 73 	30 	6
f 3 	38 	70
f 8 	80 	3
f 43 	2 	72
f 2 	43 	15
f 34 	30 	10
f 49 	40 	6
f 80 	8 	29
f 15 	76 	2
f 41 	40 	56
f 34 	6 	30
f 38 	61 	76
f 5 	84 	70
f 80 	81 	3
f 61 	2 	76
f 66 	47 	56
f 73 	6 	40
f 49 	56 	40
f 5 	76 	15
f 50 	37 	14
f 79 	84 	44
f 41 	56 	47
f 31 	81 	80
f 72 	35 	43
f 14 	86 	50
f 45 	43 	35
f 87 	16 	14
f 25 	65 	51
f 88 	22 	82
f 74 	84 	75
f 18 	14 	16
f 65 	47 	51
f 84 	77 	75
f 65 	46 	47
f 29 	31 	80
f 29 	88 	85
f 74 	44 	84
f 78 	61 	38
f 19 	25 	51
f 24 	29 	8
f 7 	9 	5
f 84 	5 	77
f 81 	78 	38
f 85 	86 	29
f 31 	18 	81
f 79 	70 	84
f 81 	18 	78
f 69 	86 	85
f 58 	2 	61
f 21 	82 	22
f 50 	86 	69
f 83 	88 	82
f 14 	18 	31
f 83 	54 	88
f 53 	88 	54
f 31 	86 	14
f 68 	85 	53
f 9 	68 	55
f 53 	55 	68
f 26 	9 	66
f 47 	24 	51
f 82 	47 	83
f 66 	83 	47
f 83 	66 	54
f 21 	47 	82
f 87 	37 	16
f 51 	24 	8
f 1 	16 	37
f 23 	47 	21
f 24 	47 	23
f 35 	1 	37
f 54 	66 	52
f 52 	66 	55
f 55 	66 	9
f 33 	4 	6
# 172 faces

 #end of obj_0

